TH	-Inf	-1	+Inf	-1	-1	-1	1276	-1
IM	8482	425	-801	13988	0	3	22
TH	-Inf	-1	+Inf	-1	-Inf	-1	1272	-1
IM	8482	425	-801	13988	-2	1	13
TH	-Inf	-1	+Inf	-1	-1	-1	1272	-1
IM	8482	425	-801	13988	-1	5	19
TH	-Inf	-1	+Inf	-1	-1	-1	1271	-1
IM	8482	425	-801	13988	0	5	12
TH	-Inf	-1	+Inf	-1	-Inf	-1	1271	-1
IM	8482	425	-801	13988	-1	4	19
TH	-Inf	-1	+Inf	-1	-1	-1	1271	-1
IM	8482	425	-801	13988	-12	6	9
TH	-Inf	-1	+Inf	-1	-Inf	-1	1274	-1
IM	8482	425	-801	13988	-5	0	23
TH	-Inf	-1	+Inf	-1	-Inf	-1	1270	-1
IM	8482	425	-801	13988	-5	2	8
TH	-Inf	-1	+Inf	-1	-Inf	-1	1274	-1
IM	8482	425	-801	13988	-1	0	17
TH	-Inf	-1	+Inf	-1	-Inf	-1	1276	-1
IM	8482	425	-801	13988	-1	6	19
TH	-Inf	-1	+Inf	-1	-1	-1	1273	-1
IM	8482	425	-801	13988	-4	4	10
TH	22	-1	+Inf	-1	-Inf	-1	1270	-1
IM	8482	425	-801	13988	-2	3	12
TH	-Inf	-1	+Inf	-1	-1	-1	1273	-1
IM	8482	425	-801	13988	-1	3	14
TH	-Inf	-1	+Inf	-1	-Inf	-1	1270	-1
IM	8482	425	-801	13988	-2	3	19
TH	-Inf	-1	+Inf	-1	-Inf	-1	1270	-1
IM	8482	425	-801	13988	-1	4	8
TH	-Inf	-1	+Inf	-1	-Inf	-1	1270	-1
IM	8482	425	-801	13988	-1	3	15
TH	-Inf	-1	+Inf	-1	-1	-1	1275	-1
IM	8482	425	-801	13988	-2	3	7
TH	-Inf	-1	+Inf	-1	-1	-1	1271	-1
IM	8482	425	-801	13988	-2	2	16
TH	-Inf	-1	+Inf	-1	-1	-1	1271	-1
IM	8482	425	-801	13988	-2	2	13
TH	-Inf	-1	+Inf	-1	-Inf	-1	1268	-1
IM	8482	425	-801	13988	-2	2	14
TH	-Inf	-1	+Inf	-1	-Inf	-1	1271	-1
IM	8482	425	-801	13988	-1	2	17
TH	-Inf	-1	+Inf	-1	-Inf	-1	1273	-1
IM	8482	425	-801	13988	-1	4	14
TH	21	-1	+Inf	-1	-Inf	-1	1270	-1
IM	8482	425	-801	13988	-2	5	21
TH	-Inf	-1	+Inf	-1	-Inf	-1	1258	-1
IM	8482	425	-801	13988	0	3	7
TH	-Inf	-1	+Inf	-1	-Inf	-1	1203	-1
IM	8482	425	-801	13988	-1	3	15
TH	-Inf	-1	+Inf	-1	-1	-1	1147	-1
IM	8482	425	-801	13988	-3	3	16
TH	-Inf	-1	+Inf	-1	-Inf	-1	1171	-1
IM	8482	425	-801	13988	-2	5	8
TH	-Inf	-1	+Inf	-1	-1	-1	1223	-1
IM	8482	425	-801	13988	-2	3	17
TH	-Inf	-1	+Inf	-1	-1	-1	1256	-1
IM	8482	425	-801	13988	-1	2	7
TH	-Inf	-1	+Inf	-1	-Inf	-1	1270	-1
IM	8482	425	-801	13988	0	2	16
TH	-Inf	-1	+Inf	-1	-Inf	-1	1266	-1
IM	8482	425	-801	13988	-1	4	18
TH	20	-1	+Inf	-1	-Inf	-1	1269	-1
IM	8482	425	-801	13988	0	3	11
TH	20	-1	+Inf	-1	-1	-1	1268	-1
IM	8482	425	-801	13988	-1	3	20
TH	-Inf	-1	+Inf	-1	-Inf	-1	1270	-1
IM	8482	425	-801	13988	-2	2	12
TH	-Inf	-1	+Inf	-1	-1	-1	1270	-1
IM	8482	425	-801	13988	-1	1	17
TH	-Inf	-1	+Inf	-1	-Inf	-1	1272	-1
IM	8482	425	-801	13988	-3	3	6
TH	-Inf	-1	+Inf	-1	-Inf	-1	1273	-1
IM	8482	425	-801	13988	-3	4	18
TH	-Inf	-1	+Inf	-1	-Inf	-1	1272	-1
IM	8482	425	-801	13988	-4	3	19
TH	-Inf	-1	+Inf	-1	-1	-1	1271	-1
IM	8482	425	-801	13988	-2	2	16
TH	-Inf	-1	+Inf	-1	-1	-1	1272	-1
IM	8482	425	-801	13988	-4	4	17
TH	-Inf	-1	+Inf	-1	-Inf	-1	1271	-1
IM	8482	425	-801	13988	-2	4	12
TH	-Inf	-1	+Inf	-1	-Inf	-1	1274	-1
IM	8482	425	-801	13988	0	2	19
TH	-Inf	-1	+Inf	-1	-1	-1	1274	-1
IM	8482	425	-801	13988	-2	3	7
TH	-Inf	-1	+Inf	-1	-1	-1	1271	-1
IM	8482	425	-801	13988	-2	4	21
TH	20	-1	+Inf	-1	-1	-1	1250	-1
IM	8482	425	-801	13988	-1	1	11
TH	-Inf	-1	+Inf	-1	-1	-1	1161	-1
IM	8482	425	-801	13988	-2	3	15
TH	-Inf	-1	+Inf	-1	-Inf	-1	1028	-1
IM	8482	425	-801	13988	-4	3	21
TH	-Inf	-1	+Inf	-1	-Inf	-1	-1	-1
IM	8482	425	-801	13988	-2	3	17
TH	-Inf	-1	+Inf	-1	-1	-1	498	-1
IM	8482	425	-801	13988	-2	3	13
TH	-Inf	-1	+Inf	-1	-Inf	-1	540	-1
IM	8482	425	-801	13988	-1	2	14
TH	-Inf	-1	+Inf	-1	-1	-1	-1	-1
IM	8482	425	-801	13988	-2	2	20
TH	-Inf	-1	+Inf	-1	-1	-1	1195	-1
IM	8482	425	-801	13988	-2	4	17
TH	20	-1	+Inf	-1	-Inf	-1	1239	-1
IM	8482	425	-801	13988	-2	5	18
TH	-Inf	-1	+Inf	-1	-1	-1	1267	-1
IM	8482	425	-801	13988	-3	4	7
TH	-Inf	-1	+Inf	-1	-Inf	-1	1273	-1
IM	8482	425	-801	13988	0	2	19
TH	-Inf	-1	+Inf	-1	-1	-1	1278	-1
IM	8482	425	-801	13988	-1	3	12
TH	-Inf	-1	+Inf	-1	-Inf	-1	1276	-1
IM	8482	425	-801	13988	-3	2	17
TH	20	-1	+Inf	-1	-Inf	-1	1275	-1
IM	8482	425	-801	13988	-2	4	17
TH	-Inf	-1	+Inf	-1	-1	-1	1274	-1
IM	8482	425	-801	13988	-1	3	16
TH	-Inf	-1	+Inf	-1	-Inf	-1	1277	-1
IM	8482	425	-801	13988	-4	2	22
TH	-Inf	-1	+Inf	-1	-1	-1	1277	-1
IM	8482	425	-801	13988	-3	1	7
TH	-Inf	-1	+Inf	-1	-1	-1	1274	-1
IM	8482	425	-801	13988	-2	1	18
TH	-Inf	-1	+Inf	-1	-1	-1	1274	-1
IM	8482	425	-801	13988	-2	1	9
TH	20	-1	+Inf	-1	-1	-1	1278	-1
IM	8482	425	-801	13988	-3	2	17
TH	-Inf	-1	+Inf	-1	-1	-1	1272	-1
IM	8482	425	-801	13988	-2	2	17
TH	-Inf	-1	+Inf	-1	-1	-1	1275	-1
IM	8482	425	-801	13988	0	4	15
TH	-Inf	-1	+Inf	-1	-Inf	-1	1277	-1
IM	8482	425	-801	13988	0	5	19
TH	-Inf	-1	+Inf	-1	-Inf	-1	1275	-1
IM	8482	425	-801	13988	-2	2	14
TH	-Inf	-1	+Inf	-1	-1	-1	1276	-1
IM	8482	425	-801	13988	-2	2	21
TH	-Inf	-1	+Inf	-1	-1	-1	1276	-1
IM	8482	425	-801	13988	-2	4	9
TH	-Inf	-1	+Inf	-1	-Inf	-1	1275	-1
IM	8482	425	-801	13988	-2	5	18
TH	-Inf	-1	+Inf	-1	-1	-1	1276	-1
IM	8482	425	-801	13988	0	2	15
TH	-Inf	-1	+Inf	-1	-Inf	-1	1273	-1
IM	8482	425	-801	13988	-2	3	20
TH	-Inf	-1	+Inf	-1	-Inf	-1	1274	-1
IM	8482	425	-801	13988	-2	4	17
TH	-Inf	-1	+Inf	-1	-Inf	-1	1274	-1
IM	8482	425	-801	13988	-1	4	14
TH	-Inf	-1	+Inf	-1	-1	-1	1276	-1
IM	8482	425	-801	13988	-1	0	19
TH	-Inf	-1	+Inf	-1	-1	-1	1277	-1
IM	8482	425	-801	13988	-3	4	12
TH	-Inf	-1	+Inf	-1	-1	-1	1225	-1
IM	8482	425	-801	13988	-1	3	16
TH	-Inf	-1	+Inf	-1	-Inf	-1	1156	-1
IM	8482	425	-801	13988	-3	2	15
TH	-Inf	-1	+Inf	-1	-1	-1	1150	-1
IM	8482	425	-801	13988	-1	3	16
TH	-Inf	-1	+Inf	-1	-Inf	-1	1194	-1
IM	8482	425	-801	13988	-2	3	20
TH	-Inf	-1	+Inf	-1	-Inf	-1	1234	-1
IM	8482	425	-801	13988	-2	2	8
TH	-Inf	-1	+Inf	-1	-Inf	-1	1253	-1
IM	8482	425	-801	13988	-2	2	17
TH	-Inf	-1	+Inf	-1	-1	-1	1269	-1
IM	8482	425	-801	13988	-3	4	6
TH	-Inf	-1	+Inf	-1	-1	-1	1272	-1
IM	8482	426	-804	13988	-1	2	20
TH	-Inf	-1	+Inf	-1	-1	-1	1101	-1
IM	8214	-3856	-1039	13602	-26	-62	70
TH	-Inf	-1	+Inf	-1	-1	-1	1125	-1
IM	7787	-4527	-1545	13598	62	5	-17
TH	-Inf	-1	+Inf	-1	-1	-1	-1	-1
IM	7433	-5033	-2001	13559	56	85	7
TH	-Inf	-1	+Inf	-1	+Inf	-1	-1	-1
IM	7266	-5226	-2360	13519	69	159	-18
TH	-Inf	-1	+Inf	-1	+Inf	-1	536	-1
IM	7502	-4988	-2266	13496	49	151	-1
TH	-Inf	-1	+Inf	-1	+Inf	-1	1092	-1
IM	7955	-4399	-1616	13535	10	15	77
TH	-Inf	-1	+Inf	-1	-1	-1	1172	-1
IM	8368	-3539	-484	13626	24	-24	32
TH	-Inf	-1	+Inf	-1	-1	-1	1172	-1
IM	8615	-2698	481	13664	9	1	34
TH	-Inf	-1	+Inf	-1	-1	-1	1137	-1
IM	8869	-1375	1833	13584	9	-72	17
TH	-Inf	-1	+Inf	-1	143	-1	-1	-1
IM	8896	-319	2841	13458	34	-19	88
TH	-Inf	-1	+Inf	-1	167	-1	-1	-1
IM	8846	550	3675	13281	48	54	69
TH	-Inf	-1	+Inf	-1	190	-1	1059	-1
IM	8824	1491	4776	12866	18	-59	65
TH	-Inf	-1	+Inf	-1	245	-1	1042	-1
IM	8791	2154	5531	12487	-5	-59	100
TH	20	-1	+Inf	-1	278	-1	-1	-1
IM	8644	2870	6308	12070	-22	-24	50
TH	-Inf	-1	+Inf	-1	328	-1	397	-1
IM	8462	3261	6791	11835	20	-100	29
TH	-Inf	-1	+Inf	-1	+Inf	-1	390	-1
IM	8337	3229	6879	11882	25	-110	-5
TH	21	-1	+Inf	-1	320	-1	-1	-1
IM	8396	2724	6517	12167	46	-61	-25
TH	-Inf	-1	+Inf	-1	277	-1	-1	-1
IM	8611	1949	6059	12400	25	-50	17
TH	-Inf	-1	+Inf	-1	256	-1	1199	-1
IM	8944	1039	5439	12561	-40	-82	56
TH	-Inf	-1	+Inf	-1	235	-1	1275	-1
IM	9119	118	4641	12796	35	-38	63
TH	-Inf	-1	+Inf	-1	87	-1	1325	-1
IM	9160	-906	3934	12971	3	-45	74
TH	-Inf	-1	+Inf	-1	-1	-1	1394	-1
IM	9139	-1928	3361	13035	-5	-77	78
TH	-Inf	-1	-1	-1	-1	-1	1446	-1
IM	8913	-3125	2776	13097	22	-7	26
